523 136
524 143
524 150
526 157
531 163
538 168
546 172
554 175
562 175
569 174
573 169
577 165
580 160
582 155
584 150
585 145
585 139
536 136
541 135
547 135
553 136
558 138
569 138
573 136
578 134
582 134
585 135
564 141
565 145
566 149
567 153
558 155
561 156
565 157
568 156
570 155
542 141
546 139
550 139
554 142
550 143
546 143
570 141
573 138
577 138
580 140
578 142
573 142
547 159
554 159
560 159
563 160
566 159
569 159
573 160
569 164
566 165
563 165
560 165
554 163
549 160
560 162
563 162
566 162
571 161
566 162
563 162
560 162
