216 146
217 153
219 160
221 166
225 171
231 174
238 176
245 176
252 177
257 176
259 172
259 168
260 164
261 160
261 155
261 151
259 147
232 136
236 133
241 132
245 133
249 135
255 136
257 135
258 134
259 134
260 135
253 140
254 143
256 146
258 148
252 155
254 155
256 155
257 155
258 154
237 142
240 140
243 140
246 142
243 143
240 143
254 143
256 141
258 141
259 144
258 144
256 144
245 163
250 160
254 158
256 158
257 158
258 159
258 163
258 163
256 165
255 165
253 165
250 164
247 163
254 161
255 161
257 161
257 162
257 161
255 162
254 162
