133 351
133 358
135 366
138 373
140 380
144 387
148 392
153 397
159 398
165 396
171 391
177 385
181 378
184 370
185 362
185 354
185 346
133 342
136 339
140 339
144 340
148 342
158 340
163 338
167 336
172 336
177 339
153 348
153 354
153 360
153 365
150 369
152 370
154 371
157 370
159 368
138 349
141 346
145 346
148 350
144 351
140 351
162 348
165 345
169 344
172 346
169 349
165 349
148 381
150 378
153 376
155 377
158 376
162 377
165 379
162 383
159 385
156 386
153 386
151 384
150 381
153 380
155 380
158 379
164 379
158 380
155 381
153 381
