224 341
225 348
227 356
229 363
232 369
237 374
242 379
248 383
254 383
260 381
265 376
270 371
274 365
276 358
276 351
277 344
276 337
228 336
232 335
236 335
240 336
244 338
254 336
258 334
262 332
266 331
271 331
250 341
250 346
250 351
251 356
247 359
249 359
251 360
253 359
255 358
234 342
237 341
240 340
243 342
240 343
237 344
258 341
260 338
263 338
267 339
264 340
261 341
242 367
245 365
249 364
251 365
254 364
258 364
262 364
259 369
255 372
252 373
250 373
246 371
244 368
249 367
252 367
254 366
260 366
255 368
252 368
249 368
