229 441
229 447
230 454
231 461
233 467
236 473
240 478
246 482
252 483
259 482
265 479
270 475
273 469
276 463
277 456
278 450
278 443
230 432
234 430
239 430
243 431
247 434
259 434
263 432
267 431
272 432
275 434
253 440
253 444
252 449
252 454
248 456
250 457
252 458
254 458
257 457
235 439
238 437
242 438
245 441
241 441
237 441
260 442
264 439
268 439
271 441
268 443
264 443
242 465
246 463
249 463
252 463
255 463
258 464
262 465
258 468
254 469
251 469
249 469
245 468
243 465
249 465
252 466
255 466
260 466
254 466
252 466
249 465
