323 335
323 342
324 349
324 356
326 362
331 368
336 374
342 378
348 380
355 379
360 374
364 370
369 365
372 360
374 354
376 348
377 342
331 334
336 332
341 333
346 334
350 337
361 338
365 336
369 335
373 336
376 338
355 342
355 347
355 351
354 356
348 357
351 358
353 359
356 358
358 358
337 341
340 340
344 340
347 343
343 343
340 343
360 344
363 342
367 342
370 344
367 345
364 345
338 360
343 361
349 362
351 363
354 362
358 362
362 362
358 368
354 370
351 370
347 370
342 367
339 361
348 363
351 364
354 364
361 363
354 367
351 367
348 367
