413 127
413 135
414 143
415 151
419 158
424 164
431 169
437 173
443 175
449 173
454 168
459 163
464 158
467 152
470 145
471 138
471 130
419 118
423 115
428 114
434 114
440 117
453 117
457 115
462 115
467 117
470 120
446 126
446 132
446 138
447 144
439 147
442 148
445 149
449 148
452 147
425 126
429 123
434 124
437 128
433 128
429 127
454 128
458 125
462 125
465 127
462 128
458 128
429 152
435 152
441 152
445 153
449 152
454 152
458 152
454 159
449 162
445 163
441 162
434 159
431 153
441 154
445 155
449 154
456 153
449 159
445 159
441 159
