325 441
326 448
328 455
330 461
333 467
338 472
344 477
350 480
356 480
363 479
367 474
371 468
374 462
376 455
377 449
377 442
377 436
329 437
333 435
338 435
343 435
347 436
356 435
360 433
365 432
369 432
373 433
352 440
353 445
353 449
354 454
349 457
352 458
354 458
356 457
358 456
335 441
339 439
343 438
345 441
342 442
339 442
359 440
362 437
366 436
368 438
366 440
363 440
345 466
349 464
353 463
355 464
357 463
361 463
364 463
361 467
358 469
356 470
353 470
349 469
347 466
353 465
355 465
358 465
362 464
358 465
355 466
353 466
