422 335
422 342
423 348
425 355
427 361
430 367
436 372
442 376
448 377
454 376
460 372
465 367
468 362
471 356
472 349
473 343
474 336
428 332
432 330
437 331
442 331
447 332
453 332
457 330
462 330
466 330
470 332
449 337
449 342
449 346
449 352
444 354
447 355
449 355
452 355
454 354
433 337
436 335
440 335
442 338
439 339
436 339
455 338
458 335
462 335
464 337
462 338
459 338
440 360
444 360
447 359
449 360
451 360
455 360
458 361
455 364
451 365
449 366
446 365
443 364
441 361
447 362
449 362
452 362
457 361
451 362
449 362
447 362
