328 242
329 248
330 254
331 260
332 267
336 272
341 276
347 280
353 281
360 280
366 276
371 272
374 267
375 260
376 254
377 248
378 242
332 237
335 234
339 233
343 234
347 237
358 236
362 234
367 232
371 233
374 236
353 242
353 247
353 251
353 255
349 258
351 259
353 260
356 259
357 258
337 243
340 242
343 242
346 244
343 245
340 244
359 244
362 241
366 241
368 242
366 244
363 244
345 267
348 265
351 264
353 265
356 264
358 265
362 268
359 269
356 270
353 271
351 270
348 269
346 267
351 267
353 267
356 267
360 267
356 267
353 267
351 267
