333 132
332 140
332 147
332 154
334 161
338 167
343 171
348 176
355 178
362 177
367 174
373 170
379 166
382 161
385 156
387 150
389 144
340 135
345 133
351 134
356 135
361 138
371 140
376 139
381 139
385 139
388 142
365 143
364 147
363 152
363 156
356 156
358 158
361 159
365 159
367 158
346 139
349 138
353 139
356 142
352 142
349 141
372 145
375 143
379 143
382 145
379 146
375 145
346 158
352 159
357 160
360 162
363 161
367 162
371 162
366 166
361 168
358 168
355 167
350 164
348 159
357 162
360 163
363 163
369 163
362 165
359 165
356 164
