128 139
130 145
131 151
132 157
134 163
138 169
142 173
147 178
153 179
159 177
165 173
170 168
174 162
176 156
177 149
177 142
178 136
131 136
133 133
137 132
142 132
146 134
155 134
160 131
164 131
168 131
172 133
151 139
151 144
151 149
152 154
148 155
150 156
152 157
154 156
156 155
136 140
138 138
142 139
145 141
142 141
138 141
158 140
161 137
164 137
167 139
164 140
161 140
143 163
146 161
150 161
152 161
154 160
158 161
162 162
158 165
155 167
152 167
150 167
146 166
145 163
150 164
152 164
155 163
160 162
155 163
152 164
150 164
