531 341
532 346
532 351
533 356
535 360
537 365
542 368
547 370
553 370
559 369
564 366
568 363
571 358
572 353
573 347
573 342
573 336
533 333
535 330
538 329
542 329
545 330
553 329
556 327
560 326
564 326
567 329
549 334
550 337
550 340
550 343
547 347
549 348
550 348
552 348
554 347
537 337
539 335
542 334
545 337
542 338
539 338
555 335
558 332
561 332
563 334
561 335
558 336
544 357
546 354
548 352
551 353
552 352
556 353
559 356
556 359
553 360
551 360
549 360
546 359
545 357
549 354
551 354
553 354
558 356
553 357
551 358
549 358
