429 240
430 247
432 254
435 260
439 266
444 272
449 277
454 280
459 280
464 277
469 271
473 265
476 258
478 251
478 243
476 235
475 228
428 235
429 231
432 228
436 228
440 228
451 226
454 224
458 222
463 222
467 223
446 233
447 239
447 245
448 251
445 253
447 254
450 254
453 252
456 249
433 238
435 235
438 234
441 236
439 237
436 238
455 232
456 229
459 227
463 228
460 230
457 231
444 262
446 260
449 259
453 258
456 257
460 255
465 255
463 263
460 268
456 269
452 270
448 268
445 262
450 260
453 260
457 258
464 256
458 265
455 266
451 267
