422 447
425 454
429 461
434 467
440 471
447 473
454 474
462 473
468 469
471 464
471 458
471 451
470 444
469 438
468 432
466 426
462 421
430 436
432 431
435 426
440 423
445 422
452 418
453 415
454 413
456 411
459 412
451 425
453 429
456 433
459 437
455 444
457 443
460 442
461 440
462 438
437 436
439 433
442 430
445 431
443 433
440 435
453 424
454 421
457 419
459 420
458 422
456 423
450 456
454 451
457 447
460 446
462 445
464 444
465 446
466 451
465 454
463 456
461 458
456 458
451 455
458 450
461 448
463 447
464 447
463 451
462 453
459 455
