130 439
130 444
129 450
130 456
132 461
137 466
141 470
146 474
152 475
158 473
162 469
166 465
169 460
171 455
173 449
173 443
174 437
133 431
137 429
140 429
144 430
147 432
157 432
160 430
164 429
168 429
171 431
153 438
153 442
153 446
153 450
148 452
151 452
153 453
155 452
157 452
137 438
140 437
143 437
146 439
143 439
140 439
158 439
161 437
165 436
167 438
165 439
162 439
141 457
145 457
150 456
152 457
155 456
159 456
163 457
159 463
155 465
152 466
149 466
145 463
142 458
150 458
152 459
155 458
161 458
155 462
152 462
149 462
