229 244
229 250
230 255
231 261
233 267
235 271
240 275
245 277
250 278
256 277
262 275
267 272
271 267
273 261
274 255
275 248
275 242
231 237
233 234
237 232
241 233
245 235
254 234
258 232
263 231
267 232
270 235
250 239
250 243
250 246
249 250
246 254
248 254
250 255
252 254
254 253
236 241
238 240
241 240
244 241
241 242
238 242
256 241
259 239
262 239
265 240
262 241
259 241
242 263
245 260
248 259
250 259
253 258
256 260
259 263
256 265
253 266
250 266
247 266
244 265
243 263
248 261
250 262
253 261
258 263
253 263
250 263
247 263
