526 438
526 445
528 451
529 457
532 462
536 467
541 471
548 473
554 474
560 473
564 469
568 465
571 460
572 454
572 448
573 443
572 437
534 432
537 430
542 430
546 431
550 433
559 433
562 431
565 430
568 430
571 431
554 437
555 442
555 446
556 450
551 453
553 453
555 454
557 453
559 452
539 438
542 437
545 437
547 439
544 439
541 439
559 439
562 437
565 436
567 438
565 439
562 439
544 459
549 458
553 457
555 458
557 457
560 458
563 459
560 461
557 463
555 463
552 463
548 462
546 460
552 460
555 460
557 460
561 459
557 460
555 460
552 460
