535 244
535 248
536 253
538 258
540 262
542 267
545 271
548 275
552 276
557 275
563 273
568 270
573 265
576 260
577 253
577 247
576 240
534 235
536 234
538 233
540 234
543 235
550 235
553 233
557 232
561 233
565 234
546 241
546 244
546 248
545 251
544 255
545 256
547 256
549 256
551 255
537 241
538 239
541 240
543 242
541 243
538 243
553 242
556 239
559 239
562 241
559 242
556 242
543 263
544 261
546 260
547 261
549 260
552 261
557 263
553 266
550 267
548 267
547 267
545 265
544 263
546 263
548 263
549 263
555 263
550 264
548 264
546 263
