1010 489
1011 496
1012 503
1014 509
1017 515
1021 521
1025 526
1029 531
1035 532
1041 530
1047 526
1053 521
1058 515
1061 508
1062 499
1062 491
1062 483
1011 485
1013 482
1016 481
1020 481
1024 483
1032 481
1037 478
1043 476
1049 477
1053 480
1029 487
1029 491
1028 496
1028 501
1025 504
1028 505
1030 505
1033 504
1036 502
1016 490
1018 488
1021 487
1024 489
1022 490
1019 490
1037 486
1040 484
1043 484
1046 485
1044 486
1040 487
1022 510
1025 509
1029 509
1032 509
1036 508
1041 507
1046 507
1042 514
1037 517
1033 518
1029 518
1026 516
1024 511
1029 510
1032 510
1036 510
1045 508
1037 514
1033 515
1029 514
