303 491
302 497
302 505
304 513
307 520
311 527
315 535
321 541
328 542
336 540
344 534
350 528
356 521
359 513
361 504
361 496
360 488
303 487
305 484
309 482
314 482
319 484
328 483
334 481
340 480
346 481
351 485
324 490
323 495
323 501
322 506
318 508
321 509
324 510
328 508
332 507
309 493
312 491
315 491
318 492
315 493
312 493
333 491
336 489
339 489
343 490
340 491
336 492
313 517
317 516
322 515
326 516
330 515
336 514
342 515
337 522
331 525
326 526
322 525
318 523
315 518
322 517
326 518
330 517
340 516
330 521
326 522
322 521
