868 192
869 199
870 206
870 214
872 221
877 227
882 233
889 237
896 238
904 237
911 232
918 227
923 221
925 213
925 206
925 198
926 191
870 186
873 181
878 178
884 178
890 180
898 179
904 177
910 176
916 178
920 183
894 185
894 190
893 195
893 200
888 204
891 205
894 206
897 204
901 203
877 188
880 186
883 185
887 188
883 188
880 189
902 187
906 184
909 184
912 186
910 186
906 187
882 214
887 212
892 211
895 211
899 210
905 210
911 211
906 217
900 220
896 220
892 220
887 218
884 214
892 212
895 213
900 212
909 212
900 217
896 218
892 218
