444 189
445 197
446 205
448 213
450 220
454 227
459 234
465 239
472 240
479 239
485 235
490 229
494 222
497 214
499 206
500 198
500 190
448 187
450 183
455 182
460 183
465 185
476 185
481 183
487 182
492 183
495 187
471 191
471 197
471 203
471 208
466 211
468 212
471 213
474 212
477 211
454 191
457 190
461 190
464 192
461 193
457 193
478 192
482 190
486 190
488 192
486 194
482 193
463 221
466 219
470 218
472 219
474 218
478 220
482 221
478 225
475 226
472 226
469 226
466 224
465 221
469 221
472 221
474 221
480 221
474 221
472 221
469 221
