1004 192
1005 201
1007 209
1009 217
1011 225
1015 233
1021 238
1028 242
1036 243
1044 242
1052 237
1057 231
1061 223
1062 214
1063 206
1064 198
1064 189
1010 188
1014 184
1019 183
1024 184
1029 186
1039 185
1044 183
1049 181
1054 182
1058 185
1035 190
1035 196
1035 203
1035 209
1030 212
1032 213
1035 214
1038 212
1041 211
1017 192
1020 190
1023 190
1026 191
1023 193
1020 193
1043 191
1045 188
1049 188
1052 190
1049 191
1046 191
1024 224
1028 223
1032 222
1035 222
1038 221
1042 222
1046 223
1042 227
1039 228
1036 228
1032 228
1028 227
1026 224
1032 223
1035 224
1039 223
1044 223
1039 224
1036 225
1032 224
