587 333
588 340
588 348
590 355
592 362
596 369
601 375
606 380
613 382
621 382
628 378
634 372
639 366
641 358
642 350
643 342
644 334
592 331
594 327
599 326
603 327
608 329
618 328
622 326
628 325
632 326
636 330
613 333
613 339
612 344
612 350
607 351
610 353
613 354
616 353
619 352
597 335
600 333
603 333
606 335
603 336
600 336
620 334
623 332
627 332
630 334
627 335
623 335
601 359
605 358
609 358
613 359
616 358
621 358
626 358
621 364
616 365
613 366
609 365
605 363
603 359
609 360
613 360
616 360
625 359
616 362
613 363
609 362
