728 347
728 355
728 363
729 371
732 379
735 385
740 391
747 395
755 397
763 397
769 393
774 387
779 381
781 374
783 366
784 358
785 350
734 345
738 341
744 340
749 341
755 343
763 343
769 342
774 341
778 343
781 347
759 348
759 353
759 357
759 362
752 365
755 366
758 367
761 366
763 366
741 349
745 347
748 347
751 349
748 350
744 350
765 350
768 348
772 349
774 351
772 352
768 351
744 374
749 372
754 373
757 373
760 373
764 374
768 376
764 380
760 381
756 381
753 381
748 378
745 374
753 374
756 375
760 375
767 376
760 378
756 378
753 378
