870 337
870 344
871 352
872 359
875 367
879 373
884 379
890 384
897 386
904 385
910 381
915 375
920 369
922 362
924 354
924 346
924 339
876 333
879 329
883 327
888 327
893 329
903 330
908 328
913 328
918 331
921 335
898 335
898 339
898 344
898 349
892 350
895 352
898 353
901 352
904 351
882 334
885 333
888 333
891 335
888 335
885 335
905 336
908 335
911 335
914 337
911 337
908 337
885 358
889 356
894 356
898 357
902 356
907 357
911 360
907 367
902 370
897 370
893 369
888 365
886 359
894 357
898 358
902 358
909 360
902 366
897 367
893 366
