161 194
162 201
163 208
165 215
168 222
171 229
176 236
181 241
188 242
195 241
201 235
206 229
210 222
212 214
214 206
214 198
215 190
163 192
165 188
169 186
174 187
179 189
189 188
194 185
199 184
204 185
208 188
184 193
185 198
185 203
185 208
180 211
182 212
185 213
189 211
192 210
169 195
172 193
175 193
179 195
175 196
172 196
192 194
195 192
199 191
202 193
199 194
196 195
174 218
178 218
183 217
186 218
190 217
195 217
200 217
196 224
190 227
187 227
183 227
178 224
176 219
183 219
186 219
190 219
199 218
190 223
186 224
183 223
