300 193
301 201
302 210
304 219
307 226
312 233
318 239
325 245
332 246
339 244
344 239
348 232
352 224
355 217
357 209
358 201
358 193
306 189
309 185
315 183
321 184
327 186
339 187
344 185
349 184
353 186
356 190
333 193
333 200
333 206
334 212
325 214
329 215
333 216
336 215
340 214
313 195
316 193
320 193
323 195
320 196
316 196
340 195
343 193
347 193
350 195
347 196
343 196
316 221
322 220
328 220
332 221
336 220
341 221
346 221
342 229
337 233
332 234
327 233
322 229
318 222
328 222
332 223
336 222
344 222
336 228
332 229
328 228
