441 486
441 494
441 502
443 511
446 519
451 527
456 534
462 540
470 542
478 540
484 534
489 527
494 520
497 512
499 504
499 495
499 488
446 482
449 478
454 478
459 479
464 481
473 481
478 479
484 478
489 479
492 483
469 485
469 490
469 496
469 501
463 503
466 505
469 506
472 505
475 504
452 486
455 484
458 485
461 486
458 486
455 486
476 487
479 485
482 485
485 486
482 487
479 487
455 512
460 511
465 510
469 511
473 510
479 510
484 512
479 519
473 522
469 523
465 522
460 519
457 513
465 512
469 513
473 513
482 513
473 518
469 519
465 518
