302 333
302 341
303 350
304 358
306 366
310 373
315 379
321 384
329 386
336 385
342 380
347 373
351 367
353 359
354 351
355 343
355 335
307 332
310 329
316 329
321 330
326 332
335 333
340 331
344 329
349 329
352 333
330 336
330 342
330 349
330 355
322 355
326 356
329 358
333 357
336 355
313 336
316 335
319 335
322 337
319 337
315 337
337 337
340 335
344 335
347 337
344 338
340 338
316 361
320 361
324 361
328 362
332 361
336 361
341 362
336 368
332 370
328 370
324 370
320 367
317 362
324 362
328 363
332 363
339 363
332 366
328 367
324 366
