1009 336
1009 344
1010 353
1012 361
1016 369
1022 375
1029 381
1037 385
1045 386
1051 384
1055 378
1058 371
1061 364
1063 357
1065 350
1065 344
1065 337
1020 330
1024 327
1030 326
1035 327
1041 330
1052 330
1055 328
1059 326
1063 326
1065 329
1046 337
1047 342
1048 347
1048 353
1041 355
1044 356
1047 357
1049 356
1051 355
1026 337
1029 335
1033 335
1036 338
1032 339
1029 338
1051 338
1055 334
1058 334
1061 336
1059 338
1055 338
1030 363
1035 361
1042 361
1046 361
1049 360
1053 361
1055 362
1053 368
1049 372
1045 373
1041 372
1035 369
1031 364
1041 364
1045 364
1049 363
1054 363
1049 368
1045 369
1041 368
