727 484
728 492
729 500
731 507
733 515
737 521
741 527
747 531
753 531
760 530
766 526
771 520
774 514
777 506
778 499
779 491
780 483
731 482
735 480
740 480
745 481
750 483
756 483
761 481
765 480
770 480
774 482
753 487
753 493
753 498
753 504
748 506
751 507
753 508
755 507
757 506
736 487
739 486
743 486
747 488
743 489
739 489
759 488
762 486
766 486
769 487
766 489
762 489
744 516
748 514
751 513
753 513
756 513
759 514
763 515
759 518
756 519
753 519
751 519
748 518
746 516
751 515
753 515
756 515
761 516
756 515
753 516
751 515
