1002 48
1002 56
1004 65
1006 73
1009 81
1015 88
1021 94
1028 99
1036 101
1043 100
1049 95
1053 89
1057 82
1060 74
1062 67
1064 58
1064 49
1010 42
1015 41
1020 42
1025 43
1029 45
1041 44
1046 42
1050 40
1056 40
1060 42
1036 51
1036 58
1036 64
1036 70
1030 72
1033 73
1036 74
1039 73
1042 72
1016 51
1019 49
1023 49
1026 52
1022 53
1018 52
1043 52
1047 49
1051 48
1054 50
1052 52
1047 52
1022 78
1027 77
1032 77
1036 77
1039 77
1044 77
1049 78
1044 85
1040 88
1036 89
1032 88
1026 85
1024 78
1032 79
1036 80
1039 79
1047 79
1039 84
1036 84
1032 83
