128 213
128 217
129 221
130 226
131 229
134 233
137 236
140 238
144 238
148 237
151 235
154 232
156 228
157 225
158 221
158 217
159 212
130 208
132 206
135 204
138 204
141 205
146 205
149 204
152 204
155 206
156 208
144 210
144 213
144 216
144 219
140 221
142 221
144 222
145 221
147 221
134 211
135 209
138 209
140 211
138 211
136 211
147 211
149 209
152 209
153 211
151 211
149 211
137 225
140 224
142 224
144 224
146 224
148 224
151 225
149 228
146 230
144 231
142 230
140 229
138 226
142 225
144 225
146 225
150 225
146 228
144 229
142 228
