581 490
584 497
586 505
589 511
594 517
599 522
605 525
612 528
619 527
625 524
629 518
632 511
635 505
636 498
634 491
633 483
631 477
584 488
586 484
590 481
594 480
600 481
609 478
613 475
617 473
622 473
626 476
606 484
607 488
608 493
609 497
604 500
607 501
611 501
613 499
616 497
591 489
593 487
597 486
600 487
597 488
594 489
612 483
615 480
618 479
621 480
619 481
616 482
602 510
605 507
608 505
612 505
616 504
620 502
623 503
622 508
618 512
615 513
611 514
606 513
603 509
609 507
613 507
616 505
622 503
617 508
613 510
610 510
