160 493
163 502
166 512
169 519
175 526
181 532
188 536
196 540
204 539
210 536
215 528
219 520
222 513
224 505
223 496
222 488
221 479
165 486
168 482
173 479
179 479
185 480
195 480
199 477
205 473
211 472
216 474
192 486
193 492
195 497
196 503
189 508
194 508
197 509
201 507
203 505
172 490
175 488
180 487
183 489
180 490
176 491
200 486
203 482
207 481
211 482
208 484
204 485
182 517
188 515
194 513
199 513
203 511
209 510
214 509
211 519
206 524
201 526
196 526
189 524
184 517
195 515
199 515
204 513
213 510
205 519
200 521
195 522
