580 203
582 210
585 218
588 226
592 233
597 240
603 245
611 248
620 248
629 245
637 239
643 233
648 224
650 215
649 205
648 195
646 186
583 194
584 190
588 188
592 187
598 187
611 184
616 181
621 178
627 178
632 180
606 191
607 197
608 203
609 209
604 214
607 215
611 215
615 213
618 210
590 198
592 195
595 193
599 194
596 196
593 197
617 190
619 187
622 186
626 187
623 188
620 189
604 227
607 225
610 224
613 223
616 222
621 221
628 219
623 223
619 225
616 226
612 227
609 228
605 226
611 225
614 225
617 223
626 220
617 223
614 225
611 225
