249 212
249 216
249 220
250 224
251 227
253 231
256 233
259 235
263 236
267 235
270 233
272 230
274 227
275 224
276 220
276 216
276 212
251 208
252 205
254 204
257 204
259 205
264 204
267 204
270 204
273 205
274 207
262 209
262 212
262 215
262 218
259 220
260 221
262 221
264 221
265 220
253 210
255 209
257 209
259 210
257 211
255 211
266 210
267 209
269 209
271 210
269 211
267 211
258 226
259 225
261 224
262 224
264 224
266 225
267 226
266 227
264 228
263 228
261 228
259 228
258 226
261 225
262 225
264 225
266 226
264 226
262 226
261 226
