130 128
130 132
130 136
131 140
133 144
135 147
137 149
141 150
145 150
149 149
152 147
154 145
156 142
157 139
157 135
158 131
158 127
132 123
134 122
136 121
139 121
142 122
146 122
149 121
152 121
154 121
156 123
144 125
144 128
144 131
144 134
141 136
142 137
144 137
145 137
147 136
134 126
136 125
138 125
140 126
138 127
136 127
147 126
149 124
151 124
153 126
151 127
149 127
140 144
141 143
143 142
144 142
145 142
147 143
148 143
147 143
146 143
144 143
143 143
141 143
141 143
143 143
144 143
145 143
147 143
145 141
144 141
143 141
