448 351
449 357
452 363
454 368
457 373
460 377
465 380
470 382
475 381
481 379
486 376
490 371
492 365
493 360
493 353
493 347
493 341
448 341
450 336
454 334
459 335
463 336
469 334
473 331
478 329
483 329
487 332
467 339
467 343
467 347
468 352
465 356
467 356
469 357
472 355
474 354
453 345
455 343
458 343
461 343
458 345
456 345
474 340
476 338
479 338
482 339
480 340
477 340
463 367
465 364
468 361
471 362
473 360
477 361
481 363
478 367
475 369
472 369
470 370
467 369
465 367
469 365
471 364
473 364
479 363
474 364
472 365
469 365
