869 491
869 497
870 504
872 510
874 517
877 523
881 529
886 535
892 536
900 534
908 530
915 524
921 518
924 509
925 500
925 492
924 483
868 485
870 483
874 484
878 485
881 487
890 486
895 482
900 480
906 480
911 481
886 490
885 495
885 500
885 505
882 508
884 509
886 510
889 509
892 508
873 491
875 489
878 489
881 491
878 492
875 492
895 489
898 487
902 486
905 487
902 489
899 490
880 518
882 516
885 515
887 516
890 515
895 516
900 517
896 521
891 523
888 524
886 523
883 521
882 518
886 518
888 518
891 518
898 517
891 518
888 519
885 519
