188 221
192 225
196 229
200 232
205 234
210 234
216 233
221 232
225 230
227 227
227 223
227 219
225 214
224 210
221 206
219 202
215 199
191 215
193 212
196 209
199 208
203 207
206 204
207 201
209 199
211 198
213 198
208 208
210 210
213 213
216 215
212 220
215 219
216 218
217 217
218 215
197 214
198 212
201 211
203 212
202 213
199 214
210 206
211 204
213 202
214 202
214 204
212 205
213 227
215 223
216 221
218 220
219 219
221 218
222 219
223 220
223 222
221 224
220 225
217 226
214 226
217 223
219 222
220 220
222 219
221 220
220 222
218 222
