162 348
164 355
166 362
169 368
172 374
178 380
183 384
190 387
197 386
203 382
209 376
213 370
216 363
217 356
217 349
216 342
216 335
165 345
168 342
172 341
178 340
182 341
188 340
192 336
197 335
202 333
207 334
186 344
187 348
188 353
189 358
184 361
187 361
191 362
193 360
196 358
171 347
174 346
177 345
180 346
177 347
174 347
194 342
196 340
199 339
202 339
200 341
197 342
180 368
184 366
188 364
191 364
194 363
200 362
205 361
202 367
197 372
194 373
190 374
186 372
181 368
189 367
192 366
195 365
203 362
196 368
193 369
189 370
