187 127
187 131
188 135
189 139
190 143
191 147
193 151
195 154
198 155
203 155
207 153
210 150
213 146
215 142
217 137
217 132
218 127
187 120
189 118
191 118
193 119
195 120
200 120
203 119
206 119
209 120
211 121
197 126
196 129
196 133
195 136
193 138
194 139
196 140
198 139
200 139
189 125
191 124
193 124
195 126
192 127
190 127
202 126
203 124
206 124
208 126
206 127
204 127
194 146
194 144
195 143
197 143
198 143
201 144
203 146
201 149
199 150
197 151
196 150
194 148
194 146
195 145
197 145
198 145
202 146
199 148
197 148
196 148
