725 194
727 201
729 207
732 214
735 220
740 224
746 228
753 229
761 229
768 227
774 223
779 218
782 212
782 205
782 198
782 191
782 184
730 186
733 183
737 181
741 181
746 182
756 179
760 177
765 176
770 176
774 178
752 186
752 191
753 195
753 200
749 204
751 204
755 205
758 203
760 201
735 192
738 190
741 189
745 191
742 192
738 192
760 187
763 184
767 183
770 184
767 186
764 186
743 212
748 210
752 209
756 209
760 208
765 207
771 206
767 211
762 214
758 215
754 215
749 215
745 212
753 210
756 210
760 209
770 207
761 212
757 213
753 213
