1544 580
1543 601
1543 621
1542 643
1546 662
1557 677
1572 689
1588 702
1607 709
1629 709
1653 702
1676 693
1696 680
1707 661
1714 640
1721 619
1727 597
1557 561
1567 550
1581 547
1595 550
1607 557
1641 559
1657 555
1673 557
1688 564
1700 574
1621 580
1618 593
1615 604
1612 616
1599 627
1605 631
1612 634
1621 633
1630 632
1575 580
1586 575
1597 577
1606 585
1595 586
1584 584
1644 590
1655 584
1666 585
1676 592
1666 594
1654 593
1576 650
1590 648
1603 648
1612 650
1623 650
1639 654
1657 659
1637 669
1619 671
1608 670
1599 669
1586 664
1581 652
1602 652
1611 654
1622 654
1651 660
1621 663
1610 662
1601 660
