1289 384
1293 415
1297 443
1300 472
1309 498
1325 520
1343 542
1362 563
1388 571
1415 568
1439 551
1464 532
1486 508
1500 480
1506 449
1509 416
1512 382
1302 385
1315 373
1333 373
1351 379
1367 388
1407 389
1425 380
1444 377
1464 378
1482 388
1388 407
1388 428
1388 449
1387 470
1363 471
1375 477
1388 482
1402 477
1414 471
1327 401
1338 394
1352 395
1364 406
1351 407
1337 406
1419 408
1431 399
1444 398
1456 404
1445 409
1431 409
1341 486
1359 491
1376 493
1389 495
1403 493
1422 491
1443 488
1423 511
1403 521
1389 523
1374 520
1357 510
1347 489
1375 496
1389 498
1402 496
1438 491
1403 510
1389 512
1375 509
