481 387
477 411
474 436
473 461
479 483
493 503
511 520
529 537
551 545
574 544
596 531
617 517
635 500
646 479
650 456
654 433
657 411
498 368
511 358
527 358
542 362
556 370
596 375
613 371
629 372
643 380
650 394
576 392
574 408
572 423
569 439
547 442
556 448
566 454
577 452
586 449
517 386
528 382
539 385
549 394
538 392
526 390
596 402
607 397
618 398
627 405
617 406
607 404
516 462
534 461
551 463
563 467
577 467
593 470
605 477
590 491
573 495
559 495
546 491
530 480
521 463
550 469
562 472
576 473
600 477
574 487
561 486
548 483
