96 566
102 591
110 615
117 638
128 658
148 674
169 687
190 698
210 699
228 692
243 676
259 661
271 643
277 622
278 600
278 577
278 553
114 565
128 557
144 556
160 558
176 563
208 561
222 554
236 549
252 547
266 552
194 577
196 591
198 605
200 619
184 630
192 631
201 631
208 628
215 625
137 579
147 573
158 573
169 581
158 583
146 583
216 577
224 567
235 566
246 569
237 574
226 577
161 648
179 648
194 645
203 646
212 643
226 641
241 637
230 656
218 664
208 667
198 667
181 662
167 650
195 648
204 648
214 645
235 641
215 655
206 657
196 658
