827 454
832 477
839 499
847 521
859 541
874 558
892 572
910 585
932 586
953 580
972 565
989 548
1000 527
1005 504
1004 477
1002 452
999 427
832 436
843 427
856 425
871 427
885 432
914 427
927 418
943 413
959 410
975 414
901 442
902 460
904 477
906 495
894 503
902 505
911 507
920 502
928 497
852 448
860 439
873 438
883 448
872 452
860 453
928 442
937 429
950 426
960 432
953 440
940 442
880 527
890 523
903 521
915 523
927 518
944 516
962 514
950 537
934 547
921 550
909 550
894 544
886 528
904 526
916 527
928 523
957 517
931 535
919 539
907 538
